# Date	Alès
17.75	0.88
17.50	0.88
17.25	0.89
17.00	0.89
16.75	0.89
16.50	0.9
16.25	0.9
16.00	0.9
15.75	0.91
15.50	0.91
15.25	0.91
15.00	0.92
14.75	0.92
14.50	0.92
14.25	0.92
14.00	0.93
13.75	0.93
13.50	0.93
13.25	0.94
13.00	0.94
12.75	0.94
12.50	0.94
12.25	0.94
12.00	0.95
11.75	0.95
11.50	0.95
11.25	0.96
10.75	0.96
10.50	0.97
10.25	0.97
10.00	0.97
09.75	0.97
09.50	0.98
09.25	0.98
09.00	0.98
08.75	0.99
08.50	0.99
08.25	1
08.00	1
07.75	1.01
07.25	1.02
07.00	1.02
06.75	1.03
06.50	1.03
06.25	1.04
06.00	1.04
05.75	1.05
05.50	1.06
05.25	1.06
05.00	1.07
04.75	1.08
04.50	1.08
04.00	1.1
03.75	1.1
03.50	1.11
03.25	1.12
03.00	1.13
02.75	1.14
02.50	1.14
02.25	1.16
02.00	1.17
01.75	1.18
01.50	1.19
01.25	1.2
01.00	1.22
00.75	1.23
00.50	1.24
00.25	1.25
00.00	1.27
